[gd_scene load_steps=10 format=3 uid="uid://u031l22bdaes"]

[ext_resource type="PackedScene" uid="uid://bo70n755f56k8" path="res://_scenes/nodes/train_followpath.tscn" id="1_4b0xy"]
[ext_resource type="PackedScene" uid="uid://fmcwxwu4ql6q" path="res://_scenes/nodes/main_camera.tscn" id="1_71qib"]
[ext_resource type="PackedScene" uid="uid://x60lnba3ki7c" path="res://_scenes/nodes/map_borders.tscn" id="3_10svt"]
[ext_resource type="PackedScene" uid="uid://bjlt2nukdye2a" path="res://_scenes/railways/railway.tscn" id="6_4sskq"]

[sub_resource type="ProceduralSkyMaterial" id="ProceduralSkyMaterial_odkk1"]
sky_top_color = Color(1, 1, 1, 1)
sky_horizon_color = Color(1, 1, 1, 1)
ground_bottom_color = Color(1, 1, 1, 1)
ground_horizon_color = Color(1, 1, 1, 1)

[sub_resource type="Sky" id="Sky_c5wym"]
sky_material = SubResource("ProceduralSkyMaterial_odkk1")

[sub_resource type="Environment" id="Environment_fspfq"]
background_mode = 2
sky = SubResource("Sky_c5wym")
sdfgi_enabled = true

[sub_resource type="Curve3D" id="Curve3D_yxkdv"]
resource_local_to_scene = true
_data = {
"points": PackedVector3Array(-46.1183, 0, 22.0385, 46.1183, 0, -22.0385, -185.123, 0, -69.6389, -13.3897, 0, -37.3961, 13.3897, 0, 37.3961, -12.5456, 0, 6.90884, 65.4937, 0, -11.9922, -65.4937, 0, 11.9922, -51.941, 0, 148.936, 29.8818, 0, 40.8147, -29.8818, 0, -40.8147, -190.489, 0, 61.1959, -38.445, 0, 18.8285, 38.445, 0, -18.8285, -185.123, 0, -69.6389),
"tilts": PackedFloat32Array(0, 0, 0, 0, 0)
}
point_count = 5

[sub_resource type="Curve3D" id="Curve3D_w86g6"]
resource_local_to_scene = true
_data = {
"points": PackedVector3Array(-6.75703, 0, 6.85496, 6.75703, 0, -6.85496, -171.013, 0, -94.6794, -61.5863, 0, 0.132401, 61.5863, 0, -0.132401, -15.9362, 0, -126.407, -18.3406, 0, -42.1751, 18.3406, 0, 42.1751, 145.671, 0, -62.0532, 21.9505, 0, -26.3062, -21.9505, 0, 26.3062, 122.033, 0, 71.8242, 31.9774, 0, 5.28497, -31.9774, 0, -5.28497, -30.8919, 0, 163.989),
"tilts": PackedFloat32Array(0, 0, 0, 0, 0)
}
point_count = 5

[node name="Node3D" type="Node3D"]

[node name="DirectionalLight3D" type="DirectionalLight3D" parent="."]
transform = Transform3D(-0.866025, -0.433013, 0.25, 0, 0.5, 0.866025, -0.5, 0.75, -0.433013, 0, 0, 0)
directional_shadow_max_distance = 300.0

[node name="WorldEnvironment" type="WorldEnvironment" parent="."]
environment = SubResource("Environment_fspfq")

[node name="MainCamera" parent="." instance=ExtResource("1_71qib")]
transform = Transform3D(1, 0, 0, 0, 0.125011, 0.992155, 0, -0.992155, 0.125011, 0, 257.96, 52.503)
direction = Vector3(0, 1, 0.126)
hotspot = Vector3(0, 0, 20)
distance = 260.0

[node name="Map_borders" parent="." instance=ExtResource("3_10svt")]
transform = Transform3D(760, 0, 0, 0, 1, 0, 0, 0, 400, 0, 0, 0)

[node name="railway" parent="." instance=ExtResource("6_4sskq")]
curve = SubResource("Curve3D_yxkdv")

[node name="Train" parent="railway" instance=ExtResource("1_4b0xy")]
transform = Transform3D(0.431168, 0, -0.902272, 0, 1, 0, 0.902272, 0, 0.431168, -185.123, 0, -69.6389)
ping_pong = true

[node name="Train2" parent="railway" instance=ExtResource("1_4b0xy")]
transform = Transform3D(-0.689841, 0, -0.723961, 0, 1, 0, 0.723961, 0, -0.689841, -29.2318, 0, -15.6833)
progress = 171.631
ping_pong = true
backward = true

[node name="Train3" parent="railway" instance=ExtResource("1_4b0xy")]
transform = Transform3D(-0.553828, 0, 0.832631, 0, 1, 0, -0.832631, 0, -0.553828, -30.0342, 0, 140.363)
progress = 343.262

[node name="railway2" parent="." instance=ExtResource("6_4sskq")]
curve = SubResource("Curve3D_w86g6")

[node name="Train4" parent="railway2" instance=ExtResource("1_4b0xy")]
transform = Transform3D(-0.67724, 0, 0.735762, 0, 1, 0, -0.735762, 0, -0.67724, 111.039, 0, 83.0336)
progress = 497.789
is_tgv = true
wagon_count = 4
ping_pong = true
pause_at_end = 0.0
