[gd_scene load_steps=8 format=3 uid="uid://4nomg004of8b"]

[ext_resource type="PackedScene" uid="uid://nmyypul3wbvp" path="res://_scenes/commons.tscn" id="1_6y8ug"]
[ext_resource type="PackedScene" uid="uid://bjlt2nukdye2a" path="res://_scenes/railways/railway.tscn" id="2_3y3yh"]
[ext_resource type="PackedScene" uid="uid://bo70n755f56k8" path="res://_scenes/nodes/train_followpath.tscn" id="3_thhca"]
[ext_resource type="PackedScene" uid="uid://dxou0nnb8bbd0" path="res://_scenes/nodes/spawner.tscn" id="4_u4keg"]

[sub_resource type="Curve3D" id="Curve3D_dsqh2"]
resource_local_to_scene = true
_data = {
"points": PackedVector3Array(-19.6266, 0, 11.3409, 19.6266, 0, -11.3409, -153.982, 0, -50.3629, -31.7462, 0, -20.4972, 31.7462, 0, 20.4972, -58.0134, 0, -35.6987, 33.1622, 0, -14.4555, -33.1622, 0, 14.4555, -60.2745, 0, 29.0563, 22.7064, 0, 16.2198, -22.7064, 0, -16.2198, -165.392, 0, 17.4687, -33.601, 0, 20.7704, 33.601, 0, -20.7704, -153.982, 0, -50.3629),
"tilts": PackedFloat32Array(0, 0, 0, 0, 0)
}
point_count = 5

[sub_resource type="Curve3D" id="Curve3D_nodmp"]
resource_local_to_scene = true
_data = {
"points": PackedVector3Array(-37.1897, 0, 4.45276, 37.1897, 0, -4.45276, -150.859, 0, -89.7584, -36.856, 0, -10.9337, 36.856, 0, 10.9337, -30.2158, 0, -84.7209, 4.23097, 0, -42.8299, -4.23097, 0, 42.8299, 46.9676, 0, 30.69),
"tilts": PackedFloat32Array(0, 0, 0)
}
point_count = 3

[sub_resource type="Curve3D" id="Curve3D_ncudd"]
resource_local_to_scene = true
_data = {
"points": PackedVector3Array(1.33922, 0, -17.993, -1.33922, 0, 17.993, -15.099, 0, -9.54066, 9.69619, 0, -9.1954, -9.69619, 0, 9.1954, -38.1613, 0, 53.2908, 10.3686, 0, -9.5324, -10.3686, 0, 9.5324, -71.6001, 0, 106.976),
"tilts": PackedFloat32Array(0, 0, 0)
}
point_count = 3

[node name="Level4" instance=ExtResource("1_6y8ug")]

[node name="MainCamera" parent="." index="1"]
transform = Transform3D(1, 0, 0, 0, 0.239271, 0.970953, 0, -0.970953, 0.239271, -60.85, 149.051, 57.2554)
direction = Vector3(0, 7, 1.725)
hotspot = Vector3(-60.85, 0, 20.525)
distance = 153.51

[node name="railway" parent="." index="4" instance=ExtResource("2_3y3yh")]
curve = SubResource("Curve3D_dsqh2")

[node name="Train" parent="railway" index="4" instance=ExtResource("3_thhca")]
transform = Transform3D(0.500312, 0, -0.865845, 0, 1, 0, 0.865845, 0, 0.500312, -153.982, 0, -50.3629)

[node name="railway3" parent="." index="5" instance=ExtResource("2_3y3yh")]
curve = SubResource("Curve3D_nodmp")

[node name="Train" parent="railway3" index="4" instance=ExtResource("3_thhca")]
transform = Transform3D(0.118882, 0, -0.992908, 0, 1, 0, 0.992908, 0, 0.118882, -150.859, 0, -89.7584)
ping_pong = true

[node name="railway2" parent="." index="6" instance=ExtResource("2_3y3yh")]
curve = SubResource("Curve3D_ncudd")

[node name="Train" parent="railway2" index="4" instance=ExtResource("3_thhca")]
transform = Transform3D(-0.997242, 0, 0.0742247, 0, 1, 0, -0.0742247, 0, -0.997242, -15.099, 0, -9.54066)
ping_pong = true

[node name="SpawnerCyan" parent="." index="7" instance=ExtResource("4_u4keg")]
transform = Transform3D(0.64395, 0, 0.765068, 0, 1, 0, -0.765068, 0, 0.64395, -217.291, 0, 20.2253)
country_id = 1

[node name="SpawnerRebeccapurple" parent="." index="8" instance=ExtResource("4_u4keg")]
transform = Transform3D(0.798457, 0, 0.602052, 0, 1, 0, -0.602052, 0, 0.798457, -197.53, 0, -75.6479)
country_id = 6

[node name="SpawnerBlue" parent="." index="9" instance=ExtResource("4_u4keg")]
transform = Transform3D(0.649806, 0, -0.7601, 0, 1, 0, 0.7601, 0, 0.649806, 72.6813, -1.52588e-05, -3.39259)
country_id = 0

[node name="SpawnerRed" parent="." index="10" instance=ExtResource("4_u4keg")]
transform = Transform3D(-0.0236988, 0, -0.999719, 0, 1, 0, 0.999719, 0, -0.0236988, -1.96172, 1.91854, 29.1906)
country_id = 7

[node name="SpawnerGold" parent="." index="11" instance=ExtResource("4_u4keg")]
transform = Transform3D(0.829398, 0, 0.558657, 0, 1, 0, -0.558657, 0, 0.829398, -91.4426, 0, 79.5793)
country_id = 3

[node name="SpawnerGreenyellow" parent="." index="12" instance=ExtResource("4_u4keg")]
transform = Transform3D(0.97501, 0, -0.222161, 0, 1, 0, 0.222161, 0, 0.97501, -41.9268, 0, -114.773)
country_id = 4
